        0.000000
        7.000000
        0.000000
        7.000000
        0.000000
        0.000000
        0.000000
        0.000000
        5.000000
        2.000000
        0.000000
        0.000000
        0.000000
        0.000000
        0.000000
        0.000000
        0.000000
        5.000000
        0.000000
        0.000000
        0.000000
        0.000000
        9.000000
        0.000000
        0.000000
        0.000000
        0.000000
        0.000000
        0.000000
        9.000000
        0.000000
        0.000000
        0.000000
        0.000000
        0.000000
        0.000000
