    0    0    0  334    0  201  265    0    0    0    0    0    0    0    0    0    0    0    0    0    0
    0  179  214    0  107    0    0  300    0    0    0    0    0    0    0    0    0    0    0    0    0
    0    0  294    0    0    0    0    0  664    0    0    0    0    0    0   42    0    0    0    0    0
    0    0    0    0    0    0    0    0    0    0    0    0    0    0    0    0    0    0    0    0    0
    0    0    0  134  508    0    0    0    0  126  380    0    0    0    0    0  155    0    0    0    0
    0    0    0    0    0    0    0    0    0  225    0  111  393  571  165    0    0   80   95  260  100
    0    0    0    0    0    0    0    0    0    0    0    0    0    0    0    0    0    0    0    0    0

    0  104  226  468  606  185  189  125  505  321  270  110  209  236  165   42   10   80   95  260  100

    0   75  282    0    9   16   76  175  159   30  110    1  184  335    0    0   50    0    0    0    0